	CSON CSOn CSoN CSon CsON CsOn CsoN Cson ESON ESOn ESoN ESon EsON EsOn EsoN Eson HSON HSOn HSoN HSon HsON HsOn HsoN Hson PSON PSOn PSoN PSon PsON PsOn PsoN Pson
CSON      0 39.804189498031 33.890065686743 30.296255351548 24.365162680903 38.941017104651 31.030707743205 45.265567023327 28.894380616636 46.70187248315 33.965022259273 43.164693263284 35.310858455334 49.210005591941 35.069699831672 56.36907933076 35.560256543323 50.828850926676 34.359532147585 53.800665249845 32.952342260536 59.38088466844 41.111514667389 65.554274840306 42.400857861305 59.210224447412 42.502127664614 52.934291775755 43.81905793492 62.938488042006 43.105293496649 80.388098581049
CSOn      39.804189498031 0 53.533875218582 30.887595790368 46.591595180646 29.023735608689 48.143563260684 44.892301124222 39.221366944292 36.551795667521 46.856937076219 38.28275465868 37.210545626906 40.785976155199 45.047857163721 44.900174458197 47.382709129819 37.199166978033 47.759512848749 48.792797010768 37.228211505775 45.622809608507 49.270203228575 57.189960919479 45.350032217461 42.222335602414 54.5448714118 53.078491776115 43.652434192472 51.802537086338 46.504955072403 77.633196522175
CSoN      33.890065686743 53.533875218582 0 36.736817291975 38.348019589961 52.457578075208 22.780550006383 51.493077597672 41.465846291085 57.855012359463 39.927260708033 55.598279673005 48.377175607687 59.813781682951 41.082337957779 67.644748715037 52.316421426858 64.620741091147 39.530929977264 61.22632178989 49.376530360213 71.123405411236 48.885025618144 73.132375183875 53.866299976775 70.957526586509 50.243061819946 56.900759194359 55.025125933468 72.76140492828 50.657281666538 85.000600290116
CSon      30.296255351548 30.887595790368 36.736817291975 0 37.187441029899 25.791391015104 30.218484965833 29.543779420564 29.751268566346 35.754218901293 33.065725502888 30.311594791869 30.331480042361 37.513636475739 30.530614287977 45.591812262635 41.554093539593 39.572318375984 33.467522332337 38.363489003166 31.967999341471 46.456730912744 37.347657438402 51.70166924519 40.963704801516 53.980337582092 44.347524626691 44.692288767409 39.193008716779 53.523447860379 35.706364304246 71.670320387649
CsON      24.365162680903 46.591595180646 38.348019589961 37.187441029899 0 42.696690168818 33.108697942519 51.690518464002 35.32913578409 52.326959962323 41.979279900645 48.920127918853 39.933552638835 54.998172798138 42.245757079769 61.494184605053 43.76688698228 55.542915094654 41.571537378217 59.473062868313 38.827199339922 63.994270974647 45.566926091544 71.629702338602 46.880620132953 63.107345286907 49.488140106506 56.851989379256 48.206142794191 68.686566814487 48.426109133159 85.474293474489
CsOn      38.941017104651 29.023735608689 52.457578075208 25.791391015104 42.696690168818 0 44.280560968932 30.675030389153 34.327605615902 33.812898105719 44.996710666232 30.937634530616 33.232958208572 32.902322371097 40.004335829576 42.506847049787 45.017676026766 28.312766581185 44.541978971551 34.391196146172 31.745587120018 35.225231669396 42.910622832802 46.586688493223 43.174716635345 50.037717477444 52.911131944045 48.433655983119 40.887648455006 50.120222852954 40.736307698217 72.541865405705
CsoN      31.030707743205 48.143563260684 22.780550006383 30.218484965833 33.108697942519 44.280560968932 0 41.726903639051 35.772634001967 50.04937570318 33.108425343683 46.243619037179 39.683065320237 51.128922302587 30.378194805488 57.906395508024 50.576687240148 58.590422855091 37.032861538276 53.590414589116 42.790015055553 63.436340695773 39.973933499394 65.369542946594 49.10024936799 65.936186551849 45.512505084683 50.962014140011 50.05857337828 65.725661493986 43.939874476318 79.153827167354
Cson      45.265567023327 44.892301124222 51.493077597672 29.543779420564 51.690518464002 30.675030389153 41.726903639051 0 41.856649577561 41.811271125599 45.937217949008 35.935306203356 41.233378238447 38.374735214698 37.210834555645 44.952931178605 54.548747997517 43.335782617167 46.738936118116 34.936536357025 41.923262685989 42.364717963327 40.350461582563 45.628261002701 51.853105561299 62.711067657944 52.250878668934 46.913767443686 49.468772734067 55.033658393228 43.066705300949 69.79816247881
ESON      28.894380616636 39.221366944292 41.465846291085 29.751268566346 35.32913578409 34.327605615902 35.772634001967 41.856649577561 0 36.30514618636 27.197473324965 32.217323476953 28.073445363617 38.681110478654 29.549414544029 42.894134923744 38.377096814472 42.295816654114 35.358469242814 44.092399715333 35.942401001209 50.858399037087 38.869930975828 56.930841604972 48.0655952089 61.118985262805 47.863782702052 53.954825812397 48.812061238131 62.38585774559 47.655290303238 82.081709019876
ESOn      46.70187248315 36.551795667521 57.855012359463 35.754218901293 52.326959962323 33.812898105719 50.04937570318 41.811271125599 36.30514618636 0 45.903365459843 25.444647935222 31.086425388316 23.418022233049 38.690738520517 28.708603688672 54.506174779117 36.207600489679 50.611233433839 44.340444963571 41.270638912246 38.578440893618 47.85542809224 54.833921908046 56.978950565886 61.022081001388 60.502198132191 60.48278518211 54.762189521874 62.818078594007 52.430171930424 83.544101216259
ESoN      33.965022259273 46.856937076219 39.927260708033 33.065725502888 41.979279900645 44.996710666232 33.108425343683 45.937217949008 27.197473324965 45.903365459843 0 38.56990259016 34.359362648197 47.779159953369 26.783982689626 50.771502721231 40.049842998686 51.973983203772 30.623365107301 47.841942635205 39.236718692026 59.719426756035 36.48200004881 60.42046606162 49.547529599704 66.631109825963 45.516411604826 56.298138113047 51.753508371627 67.2278769113 48.943433384933 83.297274048755
ESon      43.164693263284 38.28275465868 55.598279673005 30.311594791869 48.920127918853 30.937634530616 46.243619037179 35.935306203356 32.217323476953 25.444647935222 38.56990259016 0 25.326577538977 27.325570242043 32.615125156157 30.431093412688 48.159431199569 36.338800498793 45.61877289172 36.59236625973 36.994642474993 41.466497239216 41.516375688984 50.18558831634 50.898530388733 60.898851183626 55.153189459533 55.289092847538 49.611905291174 60.114183624258 47.708127543225 78.692064174191
EsON      35.310858455334 37.210545626906 48.377175607687 30.331480042361 39.933552638835 33.232958208572 39.683065320237 41.233378238447 28.073445363617 31.086425388316 34.359362648197 25.326577538977 0 31.964062330338 30.196599328426 39.138216957399 44.981137133038 42.290036633725 42.611432555867 45.801702855789 31.987643362857 49.665384953491 42.178700107654 57.579078718632 45.71930967476 57.950271809685 51.568242728232 55.042274982631 43.708119333056 61.199885619253 44.710355043335 80.747054723287
EsOn      49.210005591941 40.785976155199 59.813781682951 37.513636475739 54.998172798138 32.902322371097 51.128922302587 38.374735214698 38.681110478654 23.418022233049 47.779159953369 27.325570242043 31.964062330338 0 36.989351865958 33.873394932832 55.026464091776 37.765480427418 51.592998404168 42.347220822513 41.207339681174 40.659201851213 45.991977234098 53.413881576612 56.820529394811 61.982449451683 59.836233948336 57.901282754387 54.374265329483 62.826128639677 51.84445569731 82.092294871047
EsoN      35.069699831672 45.047857163721 41.082337957779 30.530614287977 42.245757079769 40.004335829576 30.378194805488 37.210834555645 29.549414544029 38.690738520517 26.783982689626 32.615125156157 30.196599328426 36.989351865958 0 41.761200661448 44.875142740419 50.26342570249 33.992346540852 43.418600000174 36.674710979302 53.801207726639 28.973544588115 56.211158869504 49.60631596268 64.301448612359 42.46929661135 52.016453627997 50.32435100833 63.236214697489 42.730154131377 78.814850687464
Eson      56.36907933076 44.900174458197 67.644748715037 45.591812262635 61.494184605053 42.506847049787 57.906395508024 44.952931178605 42.894134923744 28.708603688672 50.771502721231 30.431093412688 39.138216957399 33.873394932832 41.761200661448 0 59.29707919908 42.509534594901 56.771371649971 46.429211674731 48.48937850292 41.058901825453 48.441724963206 51.828842262086 63.529932452961 65.866258056707 64.929018042017 65.856277995761 62.54584959725 65.797923375021 59.803310697472 86.059780992858
HSON      35.560256543323 47.382709129819 52.316421426858 41.554093539593 43.76688698228 45.017676026766 50.576687240148 54.548747997517 38.377096814472 54.506174779117 40.049842998686 48.159431199569 44.981137133038 55.026464091776 44.875142740419 59.29707919908 0 45.92699405431 31.952617372692 50.699428341035 31.226120150044 56.396873246863 39.920672071529 56.857270716527 48.375267560904 66.103626073834 50.422125806684 62.88900880034 50.72236899999 69.954210535433 53.125421019264 88.993218952348
HSOn      50.828850926676 37.199166978033 64.620741091147 39.572318375984 55.542915094654 28.312766581185 58.590422855091 43.335782617167 42.295816654114 36.207600489679 51.973983203772 36.338800498793 42.290036633725 37.765480427418 50.26342570249 42.509534594901 45.92699405431 0 48.833081933809 31.36900897062 37.325654812486 22.128623741308 48.56557926483 38.612704293986 54.937390720027 60.466276876369 65.088039460781 61.600983340388 54.115656913135 62.03900397063 54.432273278089 83.943866676271
HSoN      34.359532147585 47.759512848749 39.530929977264 33.467522332337 41.571537378217 44.541978971551 37.032861538276 46.738936118116 35.358469242814 50.611233433839 30.623365107301 45.61877289172 42.611432555867 51.592998404168 33.992346540852 56.771371649971 31.952617372692 48.833081933809 0 43.545132611238 33.362599716809 56.994101047797 27.412178151758 55.060845420282 49.927848597858 67.733641365139 46.342335285687 56.799216713388 51.629332767318 68.071958480903 47.774378058351 83.897582674005
HSon      53.800665249845 48.792797010768 61.22632178989 38.363489003166 59.473062868313 34.391196146172 53.590414589116 34.936536357025 44.092399715333 44.340444963571 47.841942635205 36.59236625973 45.801702855789 42.347220822513 43.418600000174 46.429211674731 50.699428341035 31.36900897062 43.545132611238 0 40.899901355233 34.353803636259 39.322853536231 30.029056573214 59.019157962175 70.657653728521 62.137051440937 59.040959046763 58.073819100069 64.595312409655 53.379047472647 79.945493078539
HsON      32.952342260536 37.228211505775 49.376530360213 31.967999341471 38.827199339922 31.745587120018 42.790015055553 41.923262685989 35.942401001209 41.270638912246 39.236718692026 36.994642474993 31.987643362857 41.207339681174 36.674710979302 48.48937850292 31.226120150044 37.325654812486 33.362599716809 40.899901355233 0 43.392474304167 33.47694648064 49.759165769365 43.038073528204 59.089626725173 49.746016073216 55.132222308575 42.759920501878 61.182078444293 43.447053346072 80.676799222518
HsOn      59.38088466844 45.622809608507 71.123405411236 46.456730912744 63.994270974647 35.225231669396 63.436340695773 42.364717963327 50.858399037087 38.578440893618 59.719426756035 41.466497239216 49.665384953491 40.659201851213 53.801207726639 41.058901825453 56.396873246863 22.128623741308 56.994101047797 34.353803636259 43.392474304167 0 51.24013779347 37.971194390596 62.229257073697 67.44708312029 70.282181619534 64.679130739638 60.929148179114 64.447597239997 58.952079337205 84.205911243619
HsoN      41.111514667389 49.270203228575 48.885025618144 37.347657438402 45.566926091544 42.910622832802 39.973933499394 40.350461582563 38.869930975828 47.85542809224 36.48200004881 41.516375688984 42.178700107654 45.991977234098 28.973544588115 48.441724963206 39.920672071529 48.56557926483 27.412178151758 39.322853536231 33.47694648064 51.24013779347 0 50.252151875525 53.359882064236 68.401946855245 47.192440964649 56.25919382015 54.013132235765 66.926866235741 48.343792553316 82.509726874922
Hson      65.554274840306 57.189960919479 73.132375183875 51.70166924519 71.629702338602 46.586688493223 65.369542946594 45.628261002701 56.930841604972 54.833921908046 60.42046606162 50.18558831634 57.579078718632 53.413881576612 56.211158869504 51.828842262086 56.857270716527 38.612704293986 55.060845420282 30.029056573214 49.759165769365 37.971194390596 50.252151875525 0 69.700652305185 77.988358705386 73.273676392492 68.699674409339 68.837891241042 71.371276284409 64.803781158564 88.014413268405
PSON      42.400857861305 45.350032217461 53.866299976775 40.963704801516 46.880620132953 43.174716635345 49.10024936799 51.853105561299 48.0655952089 56.978950565886 49.547529599704 50.898530388733 45.71930967476 56.820529394811 49.60631596268 63.529932452961 48.375267560904 54.937390720027 49.927848597858 59.019157962175 43.038073528204 62.229257073697 53.359882064236 69.700652305185 0 39.7479682303 35.141759666586 38.013958137636 19.702274602851 43.578737041866 30.019532332234 52.909459486161
PSOn      59.210224447412 42.222335602414 70.957526586509 53.980337582092 63.107345286907 50.037717477444 65.936186551849 62.711067657944 61.118985262805 61.022081001388 66.631109825963 60.898851183626 57.950271809685 61.982449451683 64.301448612359 65.866258056707 66.103626073834 60.466276876369 67.733641365139 70.657653728521 59.089626725173 67.44708312029 68.401946855245 77.988358705386 39.7479682303 0 52.327966392624 46.208172466254 37.842751338232 34.580690626748 45.370340656125 60.265192408686
PSoN      42.502127664614 54.5448714118 50.243061819946 44.347524626691 49.488140106506 52.911131944045 45.512505084683 52.250878668934 47.863782702052 60.502198132191 45.516411604826 55.153189459533 51.568242728232 59.836233948336 42.46929661135 64.929018042017 50.422125806684 65.088039460781 46.342335285687 62.137051440937 49.746016073216 70.282181619534 47.192440964649 73.273676392492 35.141759666586 52.327966392624 0 39.113050755921 38.275105726817 51.240604498373 33.566449797712 59.5562599702
PSon      52.934291775755 53.078491776115 56.900759194359 44.692288767409 56.851989379256 48.433655983119 50.962014140011 46.913767443686 53.954825812397 60.48278518211 56.298138113047 55.289092847538 55.042274982631 57.901282754387 52.016453627997 65.856277995761 62.88900880034 61.600983340388 56.799216713388 59.040959046763 55.132222308575 64.679130739638 56.25919382015 68.699674409339 38.013958137636 46.208172466254 39.113050755921 0 36.932396455668 37.016930854374 32.594277095806 47.978079815551
PsON      43.81905793492 43.652434192472 55.025125933468 39.193008716779 48.206142794191 40.887648455006 50.05857337828 49.468772734067 48.812061238131 54.762189521874 51.753508371627 49.611905291174 43.708119333056 54.374265329483 50.32435100833 62.54584959725 50.72236899999 54.115656913135 51.629332767318 58.073819100069 42.759920501878 60.929148179114 54.013132235765 68.837891241042 19.702274602851 37.842751338232 38.275105726817 36.932396455668 0 39.395438185759 26.900838504224 53.817841478471
PsOn      62.938488042006 51.802537086338 72.76140492828 53.523447860379 68.686566814487 50.120222852954 65.725661493986 55.033658393228 62.38585774559 62.818078594007 67.2278769113 60.114183624258 61.199885619253 62.826128639677 63.236214697489 65.797923375021 69.954210535433 62.03900397063 68.071958480903 64.595312409655 61.182078444293 64.447597239997 66.926866235741 71.371276284409 43.578737041866 34.580690626748 51.240604498373 37.016930854374 39.395438185759 0 40.7754580626 46.981493806763
PsoN      43.105293496649 46.504955072403 50.657281666538 35.706364304246 48.426109133159 40.736307698217 43.939874476318 43.066705300949 47.655290303238 52.430171930424 48.943433384933 47.708127543225 44.710355043335 51.84445569731 42.730154131377 59.803310697472 53.125421019264 54.432273278089 47.774378058351 53.379047472647 43.447053346072 58.952079337205 48.343792553316 64.803781158564 30.019532332234 45.370340656125 33.566449797712 32.594277095806 26.900838504224 40.7754580626 0 51.80276583697
Pson      80.388098581049 77.633196522175 85.000600290116 71.670320387649 85.474293474489 72.541865405705 79.153827167354 69.79816247881 82.081709019876 83.544101216259 83.297274048755 78.692064174191 80.747054723287 82.092294871047 78.814850687464 86.059780992858 88.993218952348 83.943866676271 83.897582674005 79.945493078539 80.676799222518 84.205911243619 82.509726874922 88.014413268405 52.909459486161 60.265192408686 59.5562599702 47.978079815551 53.817841478471 46.981493806763 51.80276583697 0
