	CASON CASOn CASoN CASon CAsON CAsOn CAsoN CAson CaSON CaSOn CaSoN CaSon CasON CasOn CasoN Cason EASON EASOn EASoN EASon EAsON EAsOn EAsoN EAson EaSON EaSOn EaSoN EaSon EasON EasOn EasoN Eason HASON HASOn HASoN HASon HAsON HAsOn HAsoN HAson HaSON HaSOn HaSoN HaSon HasON HasOn HasoN Hason PASON PASOn PASoN PASon PAsON PAsOn PAsoN PAson PaSON PaSOn PaSoN PaSon PasON PasOn PasoN Pason
CASON     0 43.11239909958 37.176262698472 41.18934104722 29.433651100921 46.526837946019 35.431927860079 50.606053227039 47.229263061303 68.716752301243 57.37055618388 47.755948679042 69.996732757707 53.870963323064 48.038421756619 54.215006145592 40.236345989755 54.321987661811 41.076392184002 53.358419403189 36.170214500535 49.837054058368 40.446354709839 61.342484345793 52.279341295698 63.439044448618 50.268733958517 56.247753764689 53.616101475076 62.320342801992 48.727951391922 86.433805627594 40.523075171427 53.395356125995 42.534475966799 57.996539948338 42.275787664824 60.323662831087 46.430526413774 75.194463181637 63.031890486849 66.342913421364 55.837187089303 54.772366940154 53.089033572093 75.104788893814 59.689651559608 71.827055187854 45.623568223775 66.498843102539 47.307756210242 63.49854529136 49.220677166312 74.871600002796 47.310531148526 94.648702361005 52.124395196923 71.4149023921 50.130256853187 52.142565913633 51.573621587999 60.361228822887 47.438549973835 73.157971500297
CASOn     43.11239909958 0 56.202428088135 27.121417134277 36.249878677158 24.331971688372 48.597573783974 37.403403287532 65.497569779809 71.016232092985 71.064200751733 57.761938731094 86.049814532327 53.206106891721 59.734178325338 53.757841057704 47.028508112532 40.644201900423 55.558966322782 37.145530766061 33.37057005831 29.96360087777 40.736296649915 45.957857666135 62.208494532193 59.131572045342 60.713361702159 57.950105021861 56.771648068265 57.180204695003 61.001496772614 82.308589749644 48.905273988218 38.507134343998 44.899007521231 43.085176866451 36.759064829413 39.659332630664 42.441757264102 64.615875963501 80.381912775405 60.214636489339 75.589655821491 52.208811461069 63.802970002041 67.853078242503 71.223969463268 65.097645405881 50.111222537105 53.738407790707 62.971655905121 61.744458022971 47.668397371278 62.178603797186 52.865509521798 88.416730505581 58.960392370401 69.44609190606 62.758414991279 50.520715199194 54.275745024989 57.128764872346 46.07463567869 72.425549341992
CASoN     37.176262698472 56.202428088135 0 45.111455645429 41.11510352446 58.579206713309 21.559898640955 56.603620092061 58.70468009363 83.828612461878 55.17561853761 60.808677448756 75.194584364735 68.906726064759 50.405055313736 65.96571344276 51.407533023835 65.563911874691 45.167321280303 61.326664512767 49.717463155284 62.56919018998 45.02725377634 70.010380551523 62.396464221911 77.761958458335 60.896770000717 73.886350788088 67.663004456347 77.712015649702 59.966994862887 99.794101991096 57.180253017214 66.813426742149 47.431381249577 64.631056576374 58.578555226512 72.606395932662 51.773058075783 81.659908626352 76.522916446575 83.11818805069 66.940182506915 69.498487936673 68.082388789111 90.744715570636 72.031785352472 85.751814326409 58.319093748013 79.180675938203 55.213040617824 68.147937546289 59.51609149902 84.169372658659 54.265776069275 99.858191945453 65.429814323611 85.574905774391 61.272343940476 63.488281097545 66.24464390996 75.233136385136 60.257800484324 84.098324929387
CASon     41.18934104722 27.121417134277 45.111455645429 0 34.003943470608 25.51129898413 37.83127654584 27.182863261504 68.482019827218 81.598159119652 69.190902984181 62.713719200782 89.36677564342 63.910336060375 58.633992953208 56.102081146615 43.419575455953 41.09289518611 46.682038101337 31.043537525711 34.731905145759 33.822816366389 33.193830571798 41.518145984631 65.856272669837 70.390265417732 62.092137199913 66.549156687102 62.395094154834 67.103866419784 61.929139088831 91.089910737748 48.845224051482 41.708257551205 37.875247893918 36.61262917564 40.180208621175 41.546292519749 36.162968529981 59.982998704034 83.28518416762 70.810048066801 75.378524924809 57.394142810574 68.819113239014 76.272419704382 72.740083505906 71.151731182951 51.609791748183 62.544059756074 59.621703745717 57.744146647574 50.575848542993 64.133559623436 50.379227985517 85.483105218546 62.938001232128 80.107256817006 62.807414745865 54.997874360807 59.406004916628 64.398271878368 49.163544806011 75.010191869767
CAsON     29.433651100921 36.249878677158 41.11510352446 34.003943470608 0 40.690822230683 33.484430605618 45.616846642392 51.782515965512 71.949635751959 58.296617553656 52.037744593878 74.677961051061 56.776502443758 45.122504340791 53.239732203052 45.709563022713 50.36908701117 45.171672507719 47.489995350003 31.333879332675 44.029434522425 34.944701811977 56.030615267637 53.330960042976 64.423847618112 48.359416501832 55.201967012342 49.639990710814 62.579314793363 49.374688695167 84.809157380796 42.799372165191 53.034888118041 42.08225757376 53.629079566748 40.693215565786 55.824924641945 41.014949874125 72.028328769432 69.236425701067 67.388016055415 61.053569295934 57.181368715042 52.211838585772 75.722068382114 58.269077394458 72.122439980325 44.79018134785 63.964706415336 49.0352283866 59.76194508994 44.032157100297 71.600234824262 46.059255204917 93.394583433478 52.368276601669 71.543953139089 54.202071062463 51.630765509463 50.800248176031 61.795715787926 46.02870610791 73.9294392792
CAsOn     46.526837946019 24.331971688372 58.579206713309 25.51129898413 40.690822230683 0 50.670323387553 30.507481357356 71.651990442779 79.737524084468 77.238411225606 64.445206564573 92.441988898952 62.634207550283 66.289357848012 58.2793785516 47.115311089279 38.750433533052 54.884521674186 32.134905952349 37.503430281169 30.579503781515 40.687139942599 40.275476637344 68.934665638945 69.435009305213 67.382971119783 65.34169702645 63.142756274403 66.818685343373 66.21396815051 89.169738357112 48.116658057115 32.996696396659 44.103119852057 33.793703511929 35.270885533144 29.317397867794 39.500904760489 56.33734917351 83.14573392311 67.355837317778 79.904080905052 54.72303818217 68.70677443579 71.598620903417 75.14735852554 66.667006136343 52.644133760885 60.280376841511 64.584504447543 60.572652711255 49.838487963316 59.847188104359 53.625495971597 85.296483133538 61.965910430442 78.09141937971 66.141117581378 56.835941106992 58.006814600703 61.763918769876 49.368404728465 73.792897234593
CAsoN     35.431927860079 48.597573783974 21.559898640955 37.83127654584 33.484430605618 50.670323387553 0 49.124072670369 57.255931066142 82.788902371175 56.658386049486 58.261031458864 74.331232022816 65.372565794906 49.280109030004 61.758675659472 46.881192190214 58.655293307864 41.069799712114 53.559544210677 43.181796122931 54.997322209975 35.268068998357 62.53610930958 60.024319132213 74.103389292607 55.917720841796 69.085032414086 64.270616824764 73.109129775168 56.331487139981 96.38963261342 53.252480811412 60.71355537307 41.357785949869 57.645773770529 52.514861121288 65.236085666543 43.75803938896 76.170546531164 75.866606852885 79.453077786709 66.51544374267 64.858815855544 65.513496316905 87.321019214033 68.564404259559 81.090259225245 54.470259058776 73.442271226869 52.953313187641 61.914640891924 54.743731507239 78.293159970305 48.193535622149 94.537542584293 61.519113074455 82.726207213606 58.495014271331 57.712388009686 62.192151529225 70.971258904501 54.468289334501 79.46809156275
CAson     50.606053227039 37.403403287532 56.603620092061 27.182863261504 45.616846642392 30.507481357356 49.124072670369 0 82.775011978106 94.370886012249 84.919355689804 77.032199938176 103.05180886819 77.083934246283 73.583756418116 68.874721305633 53.562471306638 50.71349682824 57.061776351404 40.28742573363 47.739580359491 44.05268156871 44.207456864738 42.080716060598 81.596676940726 84.525856504334 76.901673586078 79.711360383784 76.840353141588 80.095127148264 75.438368411905 102.48718160676 57.476160014818 47.439078570378 48.386921894234 38.465744643107 48.394396248455 43.789449737752 44.181335036427 54.129680946799 95.757882157834 83.827041398551 89.019039239424 68.295849930672 82.409848222268 87.044733428047 83.833852076707 81.426167492719 57.9808318 67.766865033083 66.044499738981 59.916171344061 57.397674329235 63.63358428831 56.270894883863 80.32272313923 74.988127182071 90.987739473318 73.891981118813 65.69097865771 70.800368128012 73.953467112871 60.90928233189 81.806791815544
CaSON     47.229263061303 65.497569779809 58.70468009363 68.482019827218 51.782515965512 71.651990442779 57.255931066142 82.775011978106 0 52.352649086426 41.825873444075 34.177283813347 41.650142764724 44.926867510684 40.858274663773 53.087424437957 59.685188947577 71.11919543082 62.378150160502 76.025038199521 54.888084890324 70.165895506611 63.244061738206 88.511490478048 30.193038653659 52.969657771475 39.352368984022 46.174067315598 44.133647772788 59.247522826472 43.260444278335 73.14441074052 57.938453470089 75.820986864436 63.977986053716 85.053262545911 62.887859326347 84.099059060724 68.288232544139 103.44896755313 45.233723447791 58.583641900456 43.603033771352 58.626679087855 38.302875164349 71.410390000698 52.17969711034 71.318725701805 63.650870442947 78.560836105558 61.316175601236 79.591998404223 63.316905978715 91.568324188082 65.43251210834 116.18866663244 47.157543232184 64.434568253974 51.373897365671 54.42694307642 49.46597505434 63.485618126774 52.302353531037 81.164046228799
CaSOn     68.716752301243 71.016232092985 83.828612461878 81.598159119652 71.949635751959 79.737524084468 82.788902371175 94.370886012249 52.352649086426 0 65.689325362642 45.411647035247 73.537988028918 50.545530830438 62.921749075498 68.216736048516 72.957570107325 77.987047819333 79.282379180563 86.418488519481 70.404356896099 78.038510660931 80.459989255116 97.166969273314 55.209360899771 55.147249638668 59.797597660118 54.211046244274 56.69071262625 65.756089744273 63.541830180591 65.243816129162 71.644354071003 81.37441061883 80.054887114171 94.327860974244 72.30901074126 88.80830446478 83.500522550866 110.63813519541 61.378015764543 52.11948290886 63.223056481572 65.669793266131 58.224336487724 66.498559496674 70.855098701385 68.217941204193 74.573103402979 75.404827489258 80.299248282783 91.846641686392 74.575737220894 92.530307783722 82.024136600896 122.58568851345 58.077466633283 48.677926430266 65.464114542987 64.198243994811 59.271883798906 60.616696945844 62.380598575281 85.901187500984
CaSoN     57.37055618388 71.064200751733 55.17561853761 69.190902984181 58.296617553656 77.238411225606 56.658386049486 84.919355689804 41.825873444075 65.689325362642 0 43.076846410751 61.32092872609 61.880128488439 36.510550818477 60.228582496567 65.602222412721 77.777755096109 64.729198927497 79.720139847711 61.216306373656 75.623846924176 65.839321512228 91.453140994969 48.354937127962 62.629731232688 47.869454799325 63.819948011057 59.444345179014 67.572573457236 50.680687669231 87.184861205187 64.512070709126 84.299157161964 63.478856414573 88.21616018063 69.669677479127 90.296182649733 69.657901182668 106.03193771533 66.592774660675 71.673664973012 50.03303590556 66.901425740937 57.703060582845 82.070819031403 63.209990488784 79.71554122848 70.674869828772 82.566003194631 64.799777718441 79.144199620203 68.213509038197 97.97291172936 68.244221362166 117.06683660052 60.210820585475 79.788716882841 61.916954091094 60.545498683309 64.801158479459 73.938063748667 62.599700568523 86.684551893788
CaSon     47.755948679042 57.761938731094 60.808677448756 62.713719200782 52.037744593878 64.445206564573 58.261031458864 77.032199938176 34.177283813347 45.411647035247 43.076846410751 0 56.487307435173 40.3521480601 41.840992521084 48.453751447508 55.965807907128 64.604618237594 58.475476963792 68.870440036606 50.334250456303 63.165165396145 59.692638131037 81.069540448872 37.080626712122 45.973334653631 40.756787554648 41.375936070452 43.651309464077 53.00310740242 43.504989068703 71.63561605276 52.999642785134 68.473907285743 58.321572708578 78.3123847095 56.098076226993 77.089834815127 63.48853430933 96.91732807415 49.377157490973 51.215097359024 43.173091024878 47.736192444928 44.463006072858 64.778938742643 54.737085682752 61.26247715416 59.188715395781 71.825367507336 60.105994167532 76.56397444051 59.455266195217 85.607096617176 61.278540587355 110.69239151006 46.57080471509 60.765940315147 48.798190088461 48.070250082172 45.638184488689 58.241070693294 46.533769504582 74.90754045489
CasON     69.996732757707 86.049814532327 75.194584364735 89.36677564342 74.677961051061 92.441988898952 74.331232022816 103.05180886819 41.650142764724 73.537988028918 61.32092872609 56.487307435173 0 58.026163689622 60.89081199616 73.980556934423 80.955232793296 91.070299024113 83.887438871416 96.034657240974 77.947085701424 92.113250373671 84.869375437687 107.17449830423 48.352603382603 73.703574091971 63.390740663318 69.740352024357 66.024880351004 78.869248248278 67.714625023579 91.444720572232 81.974609339645 92.568389710755 82.062993199814 104.07872618611 86.662102664202 103.13735658977 87.553200717991 119.98144317357 60.191496653361 76.567149779961 65.001895679748 77.284646139028 56.287828657457 87.103987067945 72.474301442131 92.174341766944 81.427429975049 97.134680077702 79.154609201829 97.324560040207 83.254316186249 110.11200260573 84.281491182175 131.4748451867 68.122980090008 80.334152012614 73.885195273421 73.521610030621 71.054440920362 83.468666057885 73.867903217742 98.207726612391
CasOn     53.870963323064 53.206106891721 68.906726064759 63.910336060375 56.776502443758 62.634207550283 65.372565794906 77.083934246283 44.926867510684 50.545530830438 61.880128488439 40.3521480601 58.026163689622 0 54.399562733941 46.491675016791 56.216157351044 63.697250355518 66.605414951677 68.648657494522 52.844048432895 59.752397806014 63.585660835466 79.966214451178 41.95682525173 44.725701713998 53.306350039155 44.454252139755 45.608934293591 46.551911515351 54.525424008532 68.264314482143 58.800252415508 61.701645772492 62.051390268124 75.709283043296 57.50748677494 71.044375867481 65.331329857003 94.893141235099 55.433521759493 39.562997933977 60.393215120086 44.851385521555 46.217485659305 54.497193197872 62.658778080132 56.236597042936 62.350841511785 67.371077188189 70.485122551634 80.680622472874 64.014271458487 83.067227543559 69.440433929815 111.4954835535 50.321543444419 57.088334623081 57.455441834596 50.069125084137 47.865800942836 57.125815279595 47.630951647215 78.348540350479
CasoN     48.038421756619 59.734178325338 50.405055313736 58.633992953208 45.122504340791 66.289357848012 49.280109030004 73.583756418116 40.858274663773 62.921749075498 36.510550818477 41.840992521084 60.89081199616 54.399562733941 0 49.949139998724 57.807121368843 64.625085325229 56.331370496507 68.212612404699 49.26433316625 63.290903954844 53.37043035491 78.688809521732 40.751888102624 56.783661667241 40.437867643514 54.106439219041 47.229004937986 58.256194055886 39.822752542375 76.97449528617 58.753562590924 75.350403363167 58.326518280725 78.448506271788 61.085305291575 79.725088597137 60.719925298496 96.410616913844 65.92682872568 65.967331411893 48.435258909228 58.808979819789 49.243044307586 73.520183689597 51.291906294964 70.922323406803 63.21590152845 76.216573105758 57.99332440961 72.918262910911 62.163806026495 88.144359833845 61.601718813065 109.7253284268 54.550911648607 73.24131568097 53.092620310512 54.269251317996 57.881583621135 66.034934241843 53.944229073181 80.721470363161
Cason     54.215006145592 53.757841057704 65.96571344276 56.102081146615 53.239732203052 58.2793785516 61.758675659472 68.874721305633 53.087424437957 68.216736048516 60.228582496567 48.453751447508 73.980556934423 46.491675016791 49.949139998724 0 55.638702654793 56.516901471916 62.677489231934 61.727556107262 49.921213533094 53.660076391037 56.306825968447 73.704452919086 48.835567474845 52.058331910956 53.805406443146 48.5927846116 52.860944833052 47.77984458202 46.883539889012 67.805841088016 57.288044868291 63.570931623039 59.890921742453 68.699705727093 56.595490147529 65.876484452771 58.437793289611 89.243683143246 67.973172010815 52.966072079132 59.980838961507 44.592527534372 53.769572699101 56.618016738314 54.540877963671 52.231499457027 68.53986824961 73.887749690477 67.380151526297 75.456178467659 67.825187397775 84.799867408301 68.735959601193 107.76280153881 58.887955570793 75.734536008949 54.736179441143 50.574468932149 57.029010861621 61.13898378132 49.035587456019 76.106728907185
EASON     40.236345989755 47.028508112532 51.407533023835 43.419575455953 45.709563022713 47.115311089279 46.881192190214 53.562471306638 59.685188947577 72.957570107325 65.602222412721 55.965807907128 80.955232793296 56.216157351044 57.807121368843 55.638702654793 0 48.277201772553 33.896842245537 45.876522962137 38.291236392777 43.879528631537 40.519095526732 53.093332066369 57.060408459619 65.890633964642 53.541725210121 57.713155377396 58.792116806488 61.589155273828 51.742884324618 82.278092208771 44.355975082066 47.341768245142 44.947726028757 51.084667558964 45.749404971484 53.249753948407 45.3549558288 71.196457749596 65.108988287806 63.278910379575 61.430571367977 47.171922688254 63.720714310236 72.012378882764 63.37385055113 62.874441029092 58.488594717583 71.936304124159 57.91402776893 66.520874916199 60.46196580028 77.472677159433 61.725271043955 100.3902898874 60.239532368528 78.755258374501 57.463098518583 56.842280068236 60.694930168991 64.495545722042 53.826850901615 79.682282180329
EASOn     54.321987661811 40.644201900423 65.563911874691 41.09289518611 50.36908701117 38.750433533052 58.655293307864 50.71349682824 71.11919543082 77.987047819333 77.777755096109 64.604618237594 91.070299024113 63.697250355518 64.625085325229 56.516901471916 48.277201772553 0 57.878404898977 31.418673334169 37.709101530536 28.176741166356 45.438037898982 41.459178266686 61.572266154475 62.323771100557 61.125814850777 56.772513050924 58.67542148069 61.08827263915 58.507311286166 70.374945656171 57.179578580534 45.694026311667 54.255771183398 48.728037794894 50.961996367932 45.711364571972 50.582077702848 68.652185365759 83.108643651277 60.681191049018 76.979261993395 52.598606139239 67.521850767458 60.962649026294 68.633587445825 62.960778087482 66.942136608811 73.77795854644 73.445570624435 75.184313070078 67.018696588217 76.560907580985 69.087365603757 101.13643482904 69.228866867479 82.585158761489 67.426132465784 65.202235017142 66.606650838751 68.801989492922 56.462633980842 81.019025654982
EASoN     41.076392184002 55.558966322782 45.167321280303 46.682038101337 45.171672507719 54.884521674186 41.069799712114 57.061776351404 62.378150160502 79.282379180563 64.729198927497 58.475476963792 83.887438871416 66.605414951677 56.331370496507 62.677489231934 33.896842245537 57.878404898977 0 52.588861722379 45.665702797609 54.97372208945 39.015394364243 60.653914639887 62.079333399811 73.256480341692 52.997772907372 65.073227632716 61.954477769602 70.702203995491 52.408266741651 91.245677289218 46.489478391851 58.29853417374 44.33234987852 56.25199106038 49.22754119628 62.923535364235 46.225012067874 75.405752930235 66.523771728647 74.347528200341 57.404758443754 56.163631220128 66.275605403385 83.232775497015 63.729031068321 71.289692188257 59.669183114872 78.900753805396 55.106594788221 68.766131736212 62.022728050314 82.307293185269 59.264175709849 102.56831422665 61.611959535812 84.199412410211 57.275930759617 62.33306743928 64.803880245837 71.925351173166 60.343294522942 82.437002056008
EASon     53.358419403189 37.145530766061 61.326664512767 31.043537525711 47.489995350003 32.134905952349 53.559544210677 40.28742573363 76.025038199521 86.418488519481 79.720139847711 68.870440036606 96.034657240974 68.648657494522 68.212612404699 61.727556107262 45.876522962137 31.418673334169 52.588861722379 0 35.28959165925 26.709400576417 38.318528179293 28.314056224029 68.400280764152 70.088388583661 64.927128904166 65.110793138436 63.476010254944 65.849139827039 65.075841008417 88.015128437681 54.651905609593 41.561264774357 46.390020686655 36.422555909798 45.756916076551 39.904099582575 42.895126606253 60.887664466121 87.772563364093 70.232422830186 80.683531386882 53.931870883814 73.992317765221 76.154870482667 76.110678280617 69.409318796496 63.599542413835 72.768726665257 71.653444027633 70.384247285296 63.059124803148 73.515732880857 64.131005148511 96.344275188415 71.956677426505 88.184980976636 71.412810563158 64.913745966987 69.135989891842 72.479754539918 58.864552832843 81.152220129876
EAsON     36.170214500535 33.37057005831 49.717463155284 34.731905145759 31.333879332675 37.503430281169 43.181796122931 47.739580359491 54.888084890324 70.404356896099 61.216306373656 50.334250456303 77.947085701424 52.844048432895 49.26433316625 49.921213533094 38.291236392777 37.709101530536 45.665702797609 35.28959165925 0 30.30553342152 31.782787790086 46.047797751369 48.823915026591 52.240336079856 46.736385601352 46.980154701571 43.879622768842 49.27879929891 45.285874189865 75.919657384859 44.688068021597 47.942920573929 44.459538863768 49.90825818819 38.910545969523 50.708272418484 43.238319889823 71.384890380978 70.277566878869 59.205796925714 62.058198324851 47.110878909438 53.575796877449 68.378539527481 59.123870318457 63.720987305363 52.427875703064 64.675982939991 57.404488648165 65.117650985758 50.737535059899 73.780657109896 52.679747037419 98.016429767559 55.71797367902 73.910068771554 56.465639727882 51.867127692956 53.027440491884 62.195171296497 46.295774974315 75.568037994555
EAsOn     49.837054058368 29.96360087777 62.56919018998 33.822816366389 44.029434522425 30.579503781515 54.997322209975 44.05268156871 70.165895506611 78.038510660931 75.623846924176 63.165165396145 92.113250373671 59.752397806014 63.290903954844 53.660076391037 43.879528631537 28.176741166356 54.97372208945 26.709400576417 30.30553342152 0 37.71641424645 36.172258094472 62.567327312476 59.703628226741 61.337446289293 56.746471768675 57.120176712515 53.702672621978 58.07361775611 76.608800722033 49.664838388457 41.632552458018 49.594732342682 43.771893563912 41.816556969362 39.349697198971 44.866998614748 65.869057793193 83.128129473537 61.092230570917 75.883748019327 51.120007532058 66.111619143773 66.724781655757 68.375827603155 62.988205360155 61.559854049789 65.790426985384 69.437586581326 69.811557311021 60.038663236312 71.651489389494 62.124910406334 97.031965238734 65.377678815553 80.018152606531 65.676340656742 58.851996154222 62.218734581111 64.790809227388 53.296152908876 78.477979475957
EAsoN     40.446354709839 40.736296649915 45.02725377634 33.193830571798 34.944701811977 40.687139942599 35.268068998357 44.207456864738 63.244061738206 80.459989255116 65.839321512228 59.692638131037 84.869375437687 63.585660835466 53.37043035491 56.306825968447 40.519095526732 45.438037898982 39.015394364243 38.318528179293 31.782787790086 37.71641424645 0 46.158396560834 60.281172302342 67.139583027245 54.850923355113 60.972885402498 57.905257746329 62.134276990035 52.263367342954 86.075530906419 47.271361952143 52.310439542739 40.834232729345 47.129688438784 44.538167527953 52.648011770849 37.625909486037 68.589670254208 76.400679177984 71.171174945554 65.745452637068 53.942683327197 63.590811173421 78.512138578039 62.958181778589 69.68567685841 55.974881201653 69.703933086249 56.015022948375 62.334497613211 55.46967248844 73.984869969899 50.455298548575 94.779543970743 61.121706234959 81.684229759684 58.366769669869 56.767721007948 61.079923151557 67.63525620777 52.771156941594 77.775619598353
EAson     61.342484345793 45.957857666135 70.010380551523 41.518145984631 56.030615267637 40.275476637344 62.53610930958 42.080716060598 88.511490478048 97.166969273314 91.453140994969 81.069540448872 107.17449830423 79.966214451178 78.688809521732 73.704452919086 53.093332066369 41.459178266686 60.653914639887 28.314056224029 46.047797751369 36.172258094472 46.158396560834 0 81.103846206332 82.109633486648 77.157269970986 76.679897276557 75.443338472274 76.301390978653 75.669093875025 97.352946552747 59.343045486601 47.497978962201 53.71618068845 41.000826552959 51.902418462516 43.614256311948 48.422497248699 49.35840282264 97.651577265601 81.04733499697 90.363928038602 64.074273742474 84.485975062357 85.138810201389 83.938415715013 77.599856984324 69.842336302891 78.525963969351 78.297310538194 75.371756184381 70.229257599637 77.777431101856 72.104930621106 97.167463227623 83.248887195245 97.979761328348 81.664243804785 75.448899815488 80.312125321949 81.995831123881 70.752921265311 89.353953949068
EaSON     52.279341295698 62.208494532193 62.396464221911 65.856272669837 53.330960042976 68.934665638945 60.024319132213 81.596676940726 30.193038653659 55.209360899771 48.354937127962 37.080626712122 48.352603382603 41.95682525173 40.751888102624 48.835567474845 57.060408459619 61.572266154475 62.079333399811 68.400280764152 48.823915026591 62.567327312476 60.281172302342 81.103846206332 0 44.147360074838 33.969228423808 39.154402733838 32.051183826051 49.914656810131 39.077851329147 62.663333957116 62.161402762804 73.195505621003 63.560982200369 82.010756934569 63.325249177977 80.832106766883 67.127018632792 101.10515829474 52.969669383115 51.739818378797 48.900217226352 51.94186600105 41.394931758265 64.527953117242 53.230110895991 64.477257520541 67.072736245685 78.529680019236 67.30206746705 82.422642311358 66.284408802588 90.752446104558 68.548312815885 116.93350594618 50.994338218713 65.158847463418 54.108565495524 55.318623112706 51.774481441678 63.363817279007 52.693172647033 80.142886581163
EaSOn     63.439044448618 59.131572045342 77.761958458335 70.390265417732 64.423847618112 69.435009305213 74.103389292607 84.525856504334 52.969657771475 55.147249638668 62.629731232688 45.973334653631 73.703574091971 44.725701713998 56.783661667241 52.058331910956 65.890633964642 62.323771100557 73.256480341692 70.088388583661 52.240336079856 59.703628226741 67.139583027245 82.109633486648 44.147360074838 0 51.659513282855 39.884267262287 45.62129956841 29.523135537073 51.070153985996 56.96574409011 66.325852109154 73.617775138852 72.340318754235 84.136625146095 63.309257023879 78.956655692925 73.651592387029 103.48459351545 70.154383913794 42.507713441657 63.21463688268 52.484780065475 54.649589504233 53.982570775498 66.817433374758 60.879986600992 74.096661286969 73.652957618545 79.497994776113 88.916050961086 72.034176042802 91.956092063401 75.230637850121 119.09857524751 61.304569685404 68.429329310016 62.924879497386 57.586245410272 58.226729560284 64.855893949251 55.695473542997 84.521439208177
EaSoN     50.268733958517 60.713361702159 60.896770000717 62.092137199913 48.359416501832 67.382971119783 55.917720841796 76.901673586078 39.352368984022 59.797597660118 47.869454799325 40.756787554648 63.390740663318 53.306350039155 40.437867643514 53.805406443146 53.541725210121 61.125814850777 52.997772907372 64.927128904166 46.736385601352 61.337446289293 54.850923355113 77.157269970986 33.969228423808 51.659513282855 0 42.226572913063 36.721178726405 55.144713217162 33.649653800132 68.113337867446 57.506351981466 71.848459670995 58.269233370469 77.288781129243 59.116934664621 79.190237595291 61.613641739612 96.619279735975 55.321077373652 58.25708702861 43.27153884779 53.833821685012 45.933383652008 70.944004067317 47.450492009912 67.000667090629 64.333151270404 78.44527416489 61.553066590881 79.147006588637 64.183250353895 89.561417982524 64.245949981165 113.75912413568 52.774907221127 68.48977330357 51.801353763294 56.72367261657 54.62599440922 67.133591914978 54.33496500005 81.385109922224
EaSon     56.247753764689 57.950105021861 73.886350788088 66.549156687102 55.201967012342 65.34169702645 69.085032414086 79.711360383784 46.174067315598 54.211046244274 63.819948011057 41.375936070452 69.740352024357 44.454252139755 54.106439219041 48.5927846116 57.713155377396 56.772513050924 65.073227632716 65.110793138436 46.980154701571 56.746471768675 60.972885402498 76.679897276557 39.154402733838 39.884267262287 42.226572913063 0 35.33956286738 42.900771936708 42.485209966078 54.70888511643 58.62974474029 68.828220731246 67.40823108039 79.367171656159 60.581330133762 75.365912384909 68.882603741505 98.280013024808 55.83726621653 44.638692674234 57.675268047941 47.823941979881 43.918375724915 56.233288599296 53.56897226936 57.542974259773 64.668578692767 74.309811373977 68.800286399956 82.113828522208 65.07752450301 87.89354606057 70.119514636673 114.45474999103 53.377543401096 63.81274273884 55.974262910821 56.266006816311 52.161686970146 62.449356876222 51.883455852649 79.747556034602
EasON     53.616101475076 56.771648068265 67.663004456347 62.395094154834 49.639990710814 63.142756274403 64.270616824764 76.840353141588 44.133647772788 56.69071262625 59.444345179014 43.651309464077 66.024880351004 45.608934293591 47.229004937986 52.860944833052 58.792116806488 58.67542148069 61.954477769602 63.476010254944 43.879622768842 57.120176712515 57.905257746329 75.443338472274 32.051183826051 45.62129956841 36.721178726405 35.33956286738 0 47.819070042567 43.476941346511 62.883433654883 60.429885726465 68.971203995394 64.584404091389 78.138227441031 58.404257083516 75.994390637415 66.925015902623 96.851196638561 56.216220637468 48.854404243401 56.194390106993 52.219342008814 40.944533645726 62.343645854833 57.540178155109 61.901769082077 60.951478663406 74.521712836602 67.156201036193 81.130511999029 59.66805784621 85.160690349525 64.696785633075 112.66687714451 48.682444219013 61.245306383386 57.119587354263 56.041882172411 47.41223653584 62.703725206477 51.576542099249 79.45111734615
EasOn     62.320342801992 57.180204695003 77.712015649702 67.103866419784 62.579314793363 66.818685343373 73.109129775168 80.095127148264 59.247522826472 65.756089744273 67.572573457236 53.00310740242 78.869248248278 46.551911515351 58.256194055886 47.77984458202 61.589155273828 61.08827263915 70.702203995491 65.849139827039 49.27879929891 53.702672621978 62.134276990035 76.301390978653 49.914656810131 29.523135537073 55.144713217162 42.900771936708 47.819070042567 0 49.320825810761 62.864599874248 62.44511739724 70.048922073748 69.958600291516 79.536446594838 60.490048010981 74.154783595749 69.384255152362 99.162935806023 73.815388476741 45.661157228655 66.239020329226 49.274247851056 57.891190727591 55.802694759447 62.896507349656 57.774916575832 73.035383306384 74.083935587152 76.742436820842 85.866546522713 71.361121759456 92.164969548854 74.122710907688 116.80078460472 63.655628361214 74.989036751159 62.247934223124 56.508998683173 61.395296115086 66.596546759555 57.306110674039 83.321204828187
EasoN     48.727951391922 61.001496772614 59.966994862887 61.929139088831 49.374688695167 66.21396815051 56.331487139981 75.438368411905 43.260444278335 63.541830180591 50.680687669231 43.504989068703 67.714625023579 54.525424008532 39.822752542375 46.883539889012 51.742884324618 58.507311286166 52.408266741651 65.075841008417 45.285874189865 58.07361775611 52.263367342954 75.669093875025 39.077851329147 51.070153985996 33.649653800132 42.485209966078 43.476941346511 49.320825810761 0 62.607035782833 52.428504379512 71.691222368708 58.224755560508 75.720401268816 58.578422343971 76.41673387626 58.972321453492 94.443111309801 60.790970504729 61.352893619407 44.066132900035 51.319248502898 45.895273663043 68.198688516144 36.682015123034 63.807734469803 65.798429422374 78.779881296204 55.836468582185 76.572031089981 66.574261596862 90.049567441528 62.782135986044 112.36433887594 55.026518622036 71.587291693505 44.470673715019 56.499523680004 57.002026551676 64.485046624034 51.044869543037 78.986797345073
Eason     86.433805627594 82.308589749644 99.794101991096 91.089910737748 84.809157380796 89.169738357112 96.38963261342 102.48718160676 73.14441074052 65.243816129162 87.184861205187 71.63561605276 91.444720572232 68.264314482143 76.97449528617 67.805841088016 82.278092208771 70.374945656171 91.245677289218 88.015128437681 75.919657384859 76.608800722033 86.075530906419 97.352946552747 62.663333957116 56.96574409011 68.113337867446 54.70888511643 62.883433654883 62.864599874248 62.607035782833 0 86.707226495858 90.944982585869 93.544943199303 100.87674141258 87.738053553378 94.503708939596 93.272547516619 117.12025777271 81.828859139742 58.979146181588 80.847350460925 73.237230149294 69.328338511314 57.061077112268 69.908919444903 72.309714661889 96.086877443015 94.678709862963 96.155905594181 106.43586981298 96.392126287405 107.27671024657 98.175915085548 134.788001898 78.946714696142 75.448195624852 77.388115761203 82.055417956846 77.969772576395 78.121220873123 76.042859635259 99.134125365947
HASON     40.523075171427 48.905273988218 57.180253017214 48.845224051482 42.799372165191 48.116658057115 53.252480811412 57.476160014818 57.938453470089 71.644354071003 64.512070709126 52.999642785134 81.974609339645 58.800252415508 58.753562590924 57.288044868291 44.355975082066 57.179578580534 46.489478391851 54.651905609593 44.688068021597 49.664838388457 47.271361952143 59.343045486601 62.161402762804 66.325852109154 57.506351981466 58.62974474029 60.429885726465 62.44511739724 52.428504379512 86.707226495858 0 47.140001934405 36.732461344224 51.282431122464 28.805977269096 51.58505597671 39.126788841628 63.795471371785 61.068504944288 62.437728191873 55.005631687885 48.859974770291 54.802058542009 71.768681483031 54.302770027734 62.23117070601 53.625754118231 70.484861667796 55.349873747825 68.422104746858 55.119599039359 78.744021870471 56.908827985405 100.69713728488 55.019512452044 77.350969154684 54.747657531846 58.29100103674 56.006519740653 64.395393475309 52.092532867922 76.911141600591
HASOn     53.395356125995 38.507134343998 66.813426742149 41.708257551205 53.034888118041 32.996696396659 60.71355537307 47.439078570378 75.820986864436 81.37441061883 84.299157161964 68.473907285743 92.568389710755 61.701645772492 75.350403363167 63.570931623039 47.341768245142 45.694026311667 58.29853417374 41.561264774357 47.942920573929 41.632552458018 52.310439542739 47.497978962201 73.195505621003 73.617775138852 71.848459670995 68.828220731246 68.971203995394 70.048922073748 71.691222368708 90.944982585869 47.140001934405 0 44.270766718342 28.973504779186 35.898202912038 22.99499029403 40.523186607337 50.040945039536 79.343008624618 62.19662152445 79.594467820216 48.309616282383 71.616313835324 67.503059214024 77.771037382057 61.152720992556 61.975974756617 71.644210878959 73.758720957998 74.143758829685 63.500882921367 73.164824960425 66.855561234074 98.082645012402 69.025384642515 82.824140675688 72.77295068161 64.868235944296 65.777660604581 70.096263465025 57.420176256726 83.025016526588
HASoN     42.534475966799 44.899007521231 47.431381249577 37.875247893918 42.08225757376 44.103119852057 41.357785949869 48.386921894234 63.977986053716 80.054887114171 63.478856414573 58.321572708578 82.062993199814 62.051390268124 58.326518280725 59.890921742453 44.947726028757 54.255771183398 44.33234987852 46.390020686655 44.459538863768 49.594732342682 40.834232729345 53.71618068845 63.560982200369 72.340318754235 58.269233370469 67.40823108039 64.584404091389 69.958600291516 58.224755560508 93.544943199303 36.732461344224 44.270766718342 0 40.093627485641 35.359680650856 49.039641023501 23.723222664779 58.637642954357 72.586792456419 68.923207339278 62.995771877592 51.483141229518 64.455358765031 77.72092184276 64.592679180622 69.690848181885 54.872378710311 71.206722424807 59.07210363133 64.179634308459 55.527620255088 75.843519373063 53.782899876562 94.917446039396 59.651145762893 82.151975381741 61.324635444046 57.281612124022 59.675372134819 67.67078991744 51.922759177149 76.245196398285
HASon     57.996539948338 43.085176866451 64.631056576374 36.61262917564 53.629079566748 33.793703511929 57.645773770529 38.465744643107 85.053262545911 94.327860974244 88.21616018063 78.3123847095 104.07872618611 75.709283043296 78.448506271788 68.699705727093 51.084667558964 48.728037794894 56.25199106038 36.422555909798 49.90825818819 43.771893563912 47.129688438784 41.000826552959 82.010756934569 84.136625146095 77.288781129243 79.367171656159 78.138227441031 79.536446594838 75.720401268816 100.87674141258 51.282431122464 28.973504779186 40.093627485641 0 40.08994838783 24.813645417183 32.796915099465 41.407753146802 91.284809864588 77.330004287245 84.931579557769 56.798822013866 80.930484683698 81.086080780558 80.547059729037 70.512277035895 67.085398791505 77.052762528232 74.671070064075 71.702550629477 67.051818520969 74.589620328478 67.138034928222 95.076904540114 77.13149773032 94.328208145955 77.244379506716 71.380827209528 74.522986235348 78.22717653639 63.908893843901 85.959304168966
HAsON     42.275787664824 36.759064829413 58.578555226512 40.180208621175 40.693215565786 35.270885533144 52.514861121288 48.394396248455 62.887859326347 72.30901074126 69.669677479127 56.098076226993 86.662102664202 57.50748677494 61.085305291575 56.595490147529 45.749404971484 50.961996367932 49.22754119628 45.756916076551 38.910545969523 41.816556969362 44.538167527953 51.902418462516 63.325249177977 63.309257023879 59.116934664621 60.581330133762 58.404257083516 60.490048010981 58.578422343971 87.738053553378 28.805977269096 35.898202912038 35.359680650856 40.08994838783 0 38.750504373623 33.480380497015 57.92516382018 69.903137866242 59.911103464581 62.742536420915 45.673254886188 58.767763898843 69.156201744112 64.084852308403 59.593825952878 52.447942325134 65.5837225281 62.307822878849 67.821935973701 51.583299147652 72.037570883878 55.350780393404 96.682088921892 57.237211564502 77.254826629833 61.167809652301 55.920425959743 55.357032501239 62.696511840963 50.414808464077 74.833124343679
HAsOn     60.323662831087 39.659332630664 72.606395932662 41.546292519749 55.824924641945 29.317397867794 65.236085666543 43.789449737752 84.099059060724 88.80830446478 90.296182649733 77.089834815127 103.13735658977 71.044375867481 79.725088597137 65.876484452771 53.249753948407 45.711364571972 62.923535364235 39.904099582575 50.708272418484 39.349697198971 52.648011770849 43.614256311948 80.832106766883 78.956655692925 79.190237595291 75.365912384909 75.994390637415 74.154783595749 76.41673387626 94.503708939596 51.58505597671 22.99499029403 49.039641023501 24.813645417183 38.750504373623 0 41.235102368724 46.868347764749 89.860593827056 69.274016247012 87.095601818496 55.602600687683 78.045731555523 71.531867036682 80.922542532823 64.375599531869 67.780408352793 72.453037372279 78.364762211755 73.690607400351 66.797429523882 72.076781582608 70.634490278068 96.731101280515 75.086176802997 89.991488881813 78.574567280955 69.579849860411 72.231665272236 73.101724947199 61.860437518817 85.623217748321
HAsoN     46.430526413774 42.441757264102 51.773058075783 36.162968529981 41.014949874125 39.500904760489 43.75803938896 44.181335036427 68.288232544139 83.500522550866 69.657901182668 63.48853430933 87.553200717991 65.331329857003 60.719925298496 58.437793289611 45.3549558288 50.582077702848 46.225012067874 42.895126606253 43.238319889823 44.866998614748 37.625909486037 48.422497248699 67.127018632792 73.651592387029 61.613641739612 68.882603741505 66.925015902623 69.384255152362 58.972321453492 93.272547516619 39.126788841628 40.523186607337 23.723222664779 32.796915099465 33.480380497015 41.235102368724 0 53.871915417042 78.184774215459 70.975770701442 66.959260605651 50.169773211008 67.027447928382 77.375766319174 64.135964470764 67.266521640424 58.865528581944 72.349501789799 61.67576281122 64.796851062473 58.521005353336 75.55812101166 57.056494948295 95.874903960922 65.156401855501 86.391627900297 64.239742369596 59.753987543963 64.705214308091 70.064665564151 54.157664856315 79.753764082603
